2263930248734795264 1620-0140825 294.78657 72.08941 +0.00397 0.00820 -0.00413 0.01086 0.00573 0.00967 0.00331 -23.0 49.8  2049 1986  2116 2
2263906231277703424 1618-0137841 295.37764 71.84215 +0.00975 0.00421 -0.01561 0.00355 0.01841 0.00375 0.01803 -29.0 06.0  1175 1151  1200 1
2263957736525691648 1623-0141963 294.88982 72.31237 +0.01475 0.00629 -0.01595 0.00654 0.02173 0.00643 0.02078 -23.6 09.0  1227 1195  1261 2
2263910045208645376 1618-0137661 294.99168 71.87534 +0.02198 0.00481 -0.01902 0.00426 0.02907 0.00458 0.02871 -20.4 04.6  1116 1087  1147 1
2263918772582198784 1620-0141070 295.27540 72.04967 +0.01434 0.00417 -0.01607 0.00354 0.02154 0.00383 0.02120 -24.1 05.2   551  547   555 1
2263976806180419840 1622-0145145 294.00450 72.22758 +0.01100 0.00380 -0.01211 0.00323 0.01636 0.00350 0.01599 -23.9 06.3  5947 5062  7089 2
2263911625756605184 1619-0139228 294.90181 71.96662 +0.01015 0.00302 -0.00975 0.00278 0.01408 0.00291 0.01378 -21.9 06.1  1807 1759  1857 1
2263724773203497472 1618-0137931 295.63986 71.87693 +0.01132 0.00450 -0.01327 0.00411 0.01744 0.00428 0.01691 -24.8 07.3  2198 2011  2422 1
2263936192969687808 1622-0145257 294.27607 72.28090 +0.00533 0.00480 -0.01068 0.00460 0.01194 0.00464 0.01104 -31.7 12.4  1882 1759  2021 2
2263936330408665728 1622-0145399 294.55244 72.23634 +0.01592 0.00454 +0.02376 0.00379 0.02861 0.00404 0.02832 +28.1 04.1  2481 2249  2763 0
2263985086877372288 1623-0141566 294.14491 72.36915 +0.01140 0.00455 -0.01135 0.00384 0.01609 0.00421 0.01554 -22.4 07.9  1383 1306  1469 2
2263957255489358464 1622-0145565 294.92087 72.28433 +0.03060 0.00585 -0.01857 0.00500 0.03580 0.00564 0.03536 -15.6 04.6  2285 1923  2791 2
2263916985875801856 1619-0139362 295.18645 71.98555 +0.00852 0.00690 -0.01431 0.00727 0.01665 0.00717 0.01511 -29.6 14.1  2786 1947  4028 1
2263934917363528960 1622-0145307 294.37914 72.20786 +0.00381 0.00294 -0.01622 0.00269 0.01666 0.00271 0.01644 -38.4 04.7   812  793   832 2
2263912038073489536 1618-0137859 295.42739 71.84061 +0.01106 0.00098 -0.01502 0.00091 0.01865 0.00093 0.01863 -26.8 01.4   840  825   854 1
2263962340730600960 1624-0141404 294.52907 72.41864 -0.00017 0.00178 +0.00013 0.00142 0.00021 0.00165 0.00011 +70.7 59.5   349  345   352 2
2263727113962031360 1619-0139570 295.67127 71.97713 +0.01500 0.00597 -0.01813 0.00565 0.02353 0.00578 0.02282 -25.2 07.3   477  473   482 1
2263985877151352192 1623-0141551 294.11487 72.38561 +0.00039 0.00641 -0.00925 0.00778 0.00926 0.00778 0.00678 -43.8 32.2  1343 1287  1404 2
2264009344852679552 1624-0141333 294.41848 72.44386 +0.01001 0.00518 -0.01986 0.00459 0.02224 0.00472 0.02174 -31.6 06.3   577  571   583 2
2263936605286565760 1622-0145371 294.48382 72.26113 +0.01097 0.00281 -0.01524 0.00249 0.01878 0.00260 0.01860 -27.1 04.0  1695 1629  1766 2
2263933787788040064 1622-0145489 294.74806 72.24353 +0.01984 0.00412 -0.01200 0.00349 0.02319 0.00396 0.02285 -15.6 05.0  2520 2287  2803 2
2263918940085062912 1620-0141012 295.17390 72.06776 +0.01256 0.00219 -0.01765 0.00186 0.02166 0.00197 0.02157 -27.3 02.6   909  894   924 1
2263938215898001664 1623-0141674 294.35260 72.33094 -0.00128 0.00507 -0.01846 0.00493 0.01850 0.00493 0.01784 -47.0 08.0  1398 1348  1451 2
2263931210807650176 1621-0143848 294.52364 72.13011 +0.01094 0.00502 -0.01201 0.00332 0.01625 0.00418 0.01571 -23.8 07.7  2575 2458  2703 2
2263942893118753024 1621-0144194 295.32322 72.12990 +0.01437 0.00441 -0.01680 0.00384 0.02211 0.00409 0.02173 -24.7 05.4 10806 9536 12338 1
2263929114863412224 1621-0143697 294.22058 72.13876 +0.01146 0.00313 -0.01251 0.00279 0.01697 0.00295 0.01671 -23.7 05.1  4589 4000  5346 2
2263910869840780800 1619-0139247 294.96004 71.94894 +0.00968 0.00444 -0.01995 0.00422 0.02218 0.00426 0.02177 -32.1 05.6  1624 1550  1705 1
2263937464280020096 1622-0145340 294.44286 72.28253 +0.00940 0.00206 -0.01108 0.00176 0.01453 0.00189 0.01441 -24.8 03.8   933  919   948 2
2263913824779880192 1619-0139442 295.37643 71.95307 +0.02092 0.00538 -0.01856 0.00723 0.02797 0.00626 0.02727 -20.8 06.6  1269 1238  1302 1
2263928771266027264 1621-0143660 294.15461 72.11558 +0.00808 0.00397 -0.00735 0.00359 0.01092 0.00381 0.01026 -21.2 10.9   884  853   918 2
